Node Amount: 10
	m_b	m_a	m
1	25	33	8
2	42	54	12
3	63	77	14
4	86	96	10
5	105	129	24
6	138	150	12
7	159	171	12
8	180	196	16
9	205	227	22
10	236	256	20
AVERAGE: 15
Node Amount: 20
	m_b	m_a	m
1	302	354	52
2	373	407	34
3	426	478	52
4	497	515	18
5	534	588	54
6	607	643	36
7	662	708	46
8	727	761	34
9	780	810	30
10	829	881	52
AVERAGE: 40.8
Node Amount: 30
	m_b	m_a	m
1	945	1019	74
2	1048	1082	34
3	1111	1143	32
4	1172	1222	50
5	1251	1301	50
6	1330	1374	44
7	1403	1459	56
8	1488	1524	36
9	1553	1623	70
10	1652	1700	48
AVERAGE: 49.4
Node Amount: 40
	m_b	m_a	m
1	1786	1868	82
2	1907	1961	54
3	2000	2100	100
4	2139	2221	82
5	2260	2342	82
6	2381	2451	70
7	2490	2530	40
8	2569	2665	96
9	2704	2766	62
10	2805	2899	94
AVERAGE: 76.2
Node Amount: 50
	m_b	m_a	m
1	3005	3089	84
2	3138	3244	106
3	3293	3377	84
4	3426	3474	48
5	3523	3631	108
6	3680	3780	100
7	3829	3947	118
8	3996	4058	62
9	4107	4209	102
10	4258	4368	110
AVERAGE: 92.2
Node Amount: 60
	m_b	m_a	m
1	4494	4560	66
2	4619	4777	158
3	4836	4928	92
4	4987	5141	154
5	5200	5290	90
6	5349	5461	112
7	5520	5612	92
8	5671	5771	100
9	5830	5900	70
10	5959	6065	106
AVERAGE: 104
Node Amount: 70
	m_b	m_a	m
1	6211	6327	116
2	6396	6496	100
3	6565	6657	92
4	6726	6922	196
5	6991	7095	104
6	7164	7336	172
7	7405	7503	98
8	7572	7648	76
9	7717	7915	198
10	7984	8110	126
AVERAGE: 127.8
Node Amount: 80
	m_b	m_a	m
1	8276	8486	210
2	8565	8717	152
3	8796	8960	164
4	9039	9187	148
5	9266	9430	164
6	9509	9739	230
7	9818	9922	104
8	10001	10191	190
9	10270	10390	120
10	10469	10703	234
AVERAGE: 171.6
Node Amount: 90
	m_b	m_a	m
1	10889	11021	132
2	11110	11238	128
3	11327	11539	212
4	11628	11776	148
5	11865	11965	100
6	12054	12240	186
7	12329	12503	174
8	12592	12780	188
9	12869	13097	228
10	13186	13384	198
AVERAGE: 169.4
Node Amount: 100
	m_b	m_a	m
1	13590	13800	210
2	13899	14139	240
3	14238	14366	128
4	14465	14697	232
5	14796	14966	170
6	15065	15197	132
7	15296	15468	172
8	15567	15691	124
9	15790	16042	252
10	16141	16349	208
AVERAGE: 186.8
